%%
2414400
3166490
3160177
3223216
2799530
1815439
1736302
2232108
3106407
2806794
2582834
2698959
2644739
2863073
2502572
2605687
2924473
2940292
2468978
2319816
2788922
2907676
2592915
1950609
1289622
1410825
2061046
3070357
3079048
3026825
3531666
3055984
2255371
2047792
2500164
2509704
2365589
3090695
3265518
3281475
2799919
2818469
3223238
3129089
3011933
3445927
2604167
2160126
2229846
3104095
3012825
2553134
2400787
1898538
2211868
2774473
2793009
3176474
3519769
3321949
2846675
2518181
2561083
3060151
2263961
2081108
2410522
2761677
2892479
2169064
1901090
2433558
3211927
3073398
2773564
2821292
3080172
3118370
2147430
2445282
2216183
1799175
2596995
2739973
2156541
2168750
2564229
3135586
3455375
3045911
3044895
3041441
2491189
2299639
1767848
2048049
2616740
3176499
2838508
1916899
2214461
3198999
2561321
1945175
1803739
1721532
2180814
2699177
3657611
3409337
3038294
3009755
2729962
3089217
3511556
2920551
2154505
2063780
2742807
3460007
3732034
2686137
2316159
3042043
3176360
2990526
3150815
3053412
0
0
2736033
3236468
3485160
3187536
2351721
2042587
1575847
2032415
2993412
2649689
2508490
2379316
2832415
3320404
3135159
2653273
2497000
2090773
1925041
2614320
3284138
2827106
2628249
1688446
1532743
1759855
1844714
2541502
3096624
3375653
3476916
3449718
2597415
2437103
3114380
3096504
3067667
2640285
2445949
3085241
2882805
2271004
2365343
1993958
2066300
3094570
2809094
1707826
2399654
2345847
2294507
2960704
2438834
1749042
2043122
2791296
2950127
2779720
2714903
2985677
2944784
2585733
3231516
2944109
2076318
2202442
2855837
2319446
1936554
2260474
2160372
2653587
3388896
3383640
3336444
3005680
3287933
3531047
3075113
2653262
1980335
1986087
2779882
2681155
2471431
2210120
2352192
3211215
3633709
3075246
2398061
2302170
2521458
2503128
1745189
2243084
2107412
2608351
3303660
2521704
2197321
2578258
1804574
2235707
2782421
1807406
1504155
2045126
3521975
3475019
2982577
2230176
1717102
2314449
3310941
3733266
2343771
1190305
1864146
2808102
3035169
3131798
3250944
3123276
2418610
2363798
2621893
2650063
0
0
3055102
3697865
3906560
3496652
3314167
2397881
2064735
2616307
2336994
2218651
2165698
2293777
2508425
2871209
2865147
2636419
2464897
1928916
1998598
2653510
2966256
2941020
2455767
1720066
1776520
2314975
2574564
2353858
2864337
3316721
3648639
3935017
3150614
2711942
3741163
3798927
2365894
1870167
2660256
3533227
3202913
2518204
2122720
1877856
2152219
2569597
2105128
1265174
1696422
2177368
2360180
3066230
2328837
1715581
2011064
2630134
3515625
3940079
2679708
1882546
1978790
2476863
2512564
1995715
1363793
1679140
2507604
2450462
2119593
2065708
1904457
1939973
2750576
3427076
2889435
2748630
2963276
3053081
2941035
2048335
1838347
1914432
1985386
2764498
3608155
3152845
2906793
2971688
2901384
2686827
2286608
2777362
2726205
2006896
1322090
1290315
1771643
3189500
3528711
2665667
2239679
2480514
2952811
3165112
2920121
2002990
1983173
2410278
3242970
2979790
2187360
2425881
2263323
2178941
3311415
3842612
2690102
1610352
1751826
1824762
2426511
2824443
3280108
3132108
2781428
2686245
3115002
2461507
0
0
3358094
3644294
3620769
3176896
3278549
2833661
2395720
2170114
2276704
1943332
1841236
2576528
2340167
2379207
2701648
2328159
2526828
2501445
2757688
2896729
3035403
2855933
2737345
2577974
2411881
2159961
2560483
2485789
2829764
3502987
3258047
3225193
3189705
2509033
3248222
2924453
1852484
1478780
1811868
2597088
3250593
2785420
2382979
2513249
2283278
2108130
2317268
1614222
1932155
2136633
2073925
3102585
3047548
2143089
1845926
2453765
3100393
3227547
2133002
1473708
2304649
2634408
2726677
1930681
1492510
2141604
3265507
2856566
2472549
2024683
1668298
2097795
2502229
2697422
3027496
2898021
2770468
3491559
2700399
1779212
2305937
1954524
1918925
3308235
3854933
3551923
3330558
2738773
2850740
2685415
2703729
2938109
1958922
1543416
1522576
2064935
2579151
3523959
3570246
2861776
2175287
2422291
2995851
3207533
2707415
2397820
2493974
2992125
3495268
2554861
1478107
1946236
2319419
2615678
3472114
3364160
2623380
2947647
2703360
2258046
1763787
2132520
2411665
2746876
2764261
2422909
2744483
2437750
0
0
2853935
3387175
3157281
3024374
3444438
2965259
2247985
2689854
2730110
1986372
1546252
1892690
1947658
2240644
2740218
2665559
2908162
2671482
2344003
2850927
3568601
2975370
2639872
3092768
2201498
2142947
2663956
3146565
3041273
3209850
3202854
3265298
3514786
3053149
2522093
2327868
1678878
1883364
2056449
1820058
2509702
2801315
2870095
2471840
2397574
2814626
2748904
2096979
2222216
2252107
2045578
2811361
3427087
2442488
1706423
2009580
3024953
2890710
1849940
1791740
2166926
2732606
2995760
2145497
1570914
1969179
2635436
3378990
3193491
1785433
945566
1161577
1852039
2883995
3331692
2630611
3114638
3581281
2422657
1591684
2180885
2219765
1977760
2906094
3354897
3253403
2769150
2876901
2785246
2490805
3251200
3093492
2350759
1446027
1459527
2166819
3074863
3646992
3416555
2490620
2329657
2480044
2893330
3168720
2423925
2045949
2690026
3404485
3090269
2220299
1625376
2721985
3178892
2919696
3653100
3148000
2810317
2880987
2735808
1673931
1185593
1654247
2040524
2082270
2451344
2305637
2687172
3338839
0
0
2747247
3235529
3528249
3211517
3047973
2652037
2454985
2833398
2984455
2572796
2093043
1659559
1679334
1749855
1886164
1962389
2702302
2866363
2079556
2114150
3208590
3418645
3120572
3250794
2475230
1931271
2725865
3019223
2352131
1937373
2416351
2752016
3050890
2797135
2457109
2038943
1899087
2642092
2700223
1759765
1900340
2499894
2316879
2160369
2540954
2768411
2329481
2428029
2958884
2965663
2486590
2700074
3344563
3108962
2596475
1781984
2332759
2197551
1520166
2252159
2693341
2203326
3170387
3119115
1820268
1773064
2902991
3413943
3131878
2167911
1038300
1418226
2265469
2969081
3710967
3341288
3620826
3367201
2306089
2232755
2597314
2229134
2122011
2571209
3105398
2556126
1434754
2208858
3158544
3119953
2762424
2796947
2232971
1330367
1309006
2258824
3289630
3832098
3701042
2865693
2768831
2581826
2005065
1991664
2189121
2683158
2832714
2870988
2996268
2708467
2648718
2977450
3062583
3044519
2898329
2962299
2864607
3316344
3333824
1994395
1271385
1860907
1490651
1432226
2213425
1924559
2165191
2803445
0
0
2347561
2524751
2871065
3357047
2627111
1933682
2011587
2738887
2986932
3048026
2561005
2059943
1413459
1170231
1606783
2290726
2979008
3096134
2592963
2304306
3124643
3038394
2628630
3177913
2101854
2079346
2990656
2841533
2218938
1597729
2328795
3084782
3044277
2809858
2321303
1872246
2196517
2925351
3393509
2100708
1858655
2412818
2200928
1957839
1750392
2210344
2507161
2919359
3313453
3242777
2624159
3156443
3391322
2643729
2130299
2242643
2628478
3146585
2756772
2574387
2634183
1950272
2682184
3515999
2551373
2006859
2738056
3365474
3101688
2183905
1728861
2146620
2154546
2852006
3095023
2955272
3322470
3332253
2833555
2623624
2017250
2094957
2085573
1682732
2792713
2788964
1274770
1868915
3507845
2926663
2526193
2984083
2069852
1588834
1855228
1800268
2527840
3348395
3105608
3015279
2545964
2655364
2639381
2544957
2463913
2576832
2537302
2139847
2341307
2855667
2981125
2681797
2968253
2689845
2231130
2683045
3214321
3239261
2647231
1527655
1775670
2047272
2258408
2171790
1942200
1889493
1989933
2717808
0
0
2093491
2983073
3370922
3759738
3480760
2218149
1906771
2485936
2924587
3045345
3124343
2937829
2168009
1886771
1925754
2274990
2778037
3029107
2682892
2730950
3084547
2901088
3106091
3372512
2330104
2661637
3381409
2834416
2137232
1852402
2299186
2920598
2365839
2799058
2877422
2433247
2293468
3409081
3778640
2863993
2957591
2829684
1832448
1541392
1497408
2042078
2943208
2840337
2892586
3348254
3391009
3636807
3775627
3056374
2855215
3141510
2794877
2582266
2818925
3267418
3057805
2288261
2568050
3106044
2992291
2369663
2794772
3078106
2880741
2810664
2129218
2551824
3068606
2985324
3339245
3164939
3358322
3548068
2851741
2954741
3079787
2701279
2500910
1511182
1802064
2390561
1711933
2135064
3975502
3581492
2653515
2261129
2093402
2296873
2243295
1635277
2555652
3138299
2906740
2514922
2672747
3160587
2615863
2178901
1951198
2184193
2140899
1854273
2546264
3121288
2735375
2382658
2661010
2297359
1630396
2419423
3560900
3469084
3278208
2870732
2418442
2242353
2248416
2018274
2426722
2609900
2249559
2921289
0
0
2071409
2899117
3001134
3037724
3013177
2113985
1505069
2219363
2454611
3100473
3412545
3556734
3221377
2714739
2451552
2155399
2693435
2626218
3152554
3965072
3771531
2791779
3067289
3422473
2949588
2826565
3317679
2816147
2907412
2427251
2526199
3361856
2866261
2740414
2336583
2111328
2406328
2976316
3661548
3340535
3565430
3512253
2452949
1458784
1064219
1703181
3020175
2897393
2476331
2734596
3148644
3479147
3922954
2955697
2591975
3366203
2522171
2123403
2498882
2652026
2651666
2801858
2398181
3011564
4024928
3016453
2601451
2619957
2999284
2301030
2181624
3232622
3251825
3009786
3342447
3662550
3032384
3235536
3179752
2674668
2798828
3315821
3186837
2257240
2382175
2535965
1854523
2668863
3693187
4061228
2859779
2044492
1856147
2166468
2666157
2760129
2914793
2837959
1804857
1688919
2146414
2250100
2569315
2670741
1728367
1718344
1762180
2232723
2421033
2265369
2636185
2321989
2721543
2794666
1728405
1847310
3162993
3580653
3516657
3294353
2655040
1788353
1714577
2477944
3159810
2711388
2995591
3653587
0
0
1636277
3048247
3597355
3078267
2876764
2609203
2620352
2445218
2576435
2944638
2735883
3031078
3227700
3623045
3165913
2163689
1660924
2202028
2589332
3117416
3331173
3196291
2934340
2844186
2221701
2662978
3802783
3352852
3201715
3029448
2514681
2656670
2600202
2860841
2964638
2835851
2720737
3776496
3909719
3190678
3000329
3358739
2815877
2112202
1673544
2031272
2934290
2460081
1775730
2202000
2705900
3119807
3911290
3278325
3228529
2919036
2359917
1492265
1544087
1997990
2683554
3638830
3371177
2942774
3583476
3192889
2602730
2352177
2165841
2015352
2453733
2876224
3278711
2743167
3532225
3894593
2922282
3440649
3468777
2728945
3123139
3350560
3265216
2387583
2516899
2614825
2293860
2358325
2970804
3348566
2507440
1656360
1798569
2641369
2868475
2857606
2967145
2732335
2228675
2113652
2484923
3007788
2835154
1964368
2019939
1917492
1909520
3072535
3008298
2449878
2328694
2362529
3034377
2912663
1536211
1271168
2708978
3702037
3474280
3528821
3174263
2017772
1874727
2716906
2694415
2350117
2421485
3126262
0
0
2202673
2857758
3502994
3072891
2451334
2702058
3094662
3065274
2305718
2138553
2540008
2722776
3058305
3656463
3158106
2353150
1832586
2021069
2983081
3465083
2988582
2292115
2467417
2906043
2964507
2736020
3011009
2746254
2411522
2644323
2668586
3119666
2932857
2791605
2597527
2308414
2582189
2726925
3040323
2489826
1957719
2545827
3441422
3525288
2395692
1726477
1758499
1533363
1667388
2078577
2442923
2665305
2665280
2774029
2765403
3095525
2290911
1474930
1562529
1184688
2019228
3449490
3456732
3594906
3566883
2874679
2522157
2859081
2568402
2341139
1849424
3139309
3653550
3201527
3544763
3268770
2524368
2328909
2184294
1923129
2158620
2710625
2835175
2697983
2415406
2914818
2460171
1868477
2170870
2256618
2331136
2026177
2332676
2251147
2252566
3245348
3415065
3032219
2755184
2757964
2780925
2722093
2395753
2692957
2767150
2188935
2304923
3100418
3295002
2898665
2561990
1988480
2459430
2843255
2333390
1861586
1952683
2793383
3014624
3301997
2904985
2667922
2426238
1965099
1994631
1674477
1810955
3036439
0
0
2427747
2505567
3413422
3057347
2506898
2171038
2842303
3016953
2573496
2188943
2049575
1735175
2319406
3553055
3417541
2764357
2351539
2184603
2696855
2750201
2836282
2630467
2448745
2510608
2751198
2840168
3179627
2903556
2599331
2625740
2796983
2978496
3096804
2521383
2433513
3037686
2728021
2183308
2739738
2147137
1434699
1756781
3180513
3985255
3274264
1673553
1822421
2298033
1970254
2185319
2714278
2837462
2589825
2387837
2860081
3106073
2146432
1139050
1061660
1217537
2025489
2702455
3228523
3323196
3234214
2208328
2350501
3101282
3139506
2491721
2027080
2722757
3350027
3215931
3081703
2636060
1793243
1947732
2338085
1772750
2036479
1963392
2245250
2660252
2255816
2234047
2425228
2083784
2204068
2027375
1535960
2161858
2506170
2496415
2610082
2772009
3098009
3169973
3049545
3573181
3925048
3409772
3163233
2649673
2559830
2539762
2470157
3041345
3026790
2943287
2601115
2234871
2477992
2333479
2217515
2360314
2417484
3042868
3131203
3105902
3230477
2891268
2415335
2073505
1603452
1798802
2276939
2604021
0
0
2349539
2681694
3672029
2979194
2435360
2464460
1908233
2039446
2157824
2004309
1976527
2423887
2653697
3560498
3281016
2699976
2400200
1989207
2278326
2821590
2869384
2471954
2841871
2755448
3300905
3733912
2548560
2389441
2696559
2117307
2393879
3511570
2895308
2135372
2167444
2445033
3228880
2487654
1609343
2192568
2248538
1749113
2372168
3075413
2591739
1758056
2541489
2937889
3256393
3042822
3143092
3537725
2581144
1925647
2118108
2419801
2161687
2064741
1852107
1300435
1133178
2102137
2586130
2420007
2323408
2346884
2463094
2652624
2896877
2830113
2256760
2511721
3262567
3480580
2762514
2007883
2117051
2166278
1722287
1350108
1400251
2243772
2010535
2927280
2590696
1768363
2288272
2142740
2488208
2611761
1826013
1956672
2538791
2806983
2362004
2996366
3630553
3262194
2338186
2535518
2911731
2748433
2617714
2334265
2059049
2042812
2319520
2539914
2468117
2973082
2432418
2038511
2168066
1397506
1986144
3365209
3397779
3044039
2591089
3014872
2426467
2008863
2209143
1766276
1537160
2534132
3075678
3146969
0
0
2521945
2452982
3490540
2959633
2467109
2025866
1833299
1985386
2502551
2427340
2490151
2986132
3151275
3355784
2758983
2361819
1759644
1689199
1900879
2456497
2940892
2788733
3098969
2486809
2711060
3070977
2712384
2955204
2939891
2406392
2626743
2653299
2519915
1999885
2168608
2191097
2785675
2390018
1881525
2399835
2161242
2247146
2397133
2924708
3047815
2819192
2833206
3084095
3234126
2875773
2857091
2955599
2599980
1458672
1662668
2569996
2686955
2801044
2993881
1998495
974385
1522139
2099237
1686410
1750628
2432855
2478849
2113697
2984187
3274959
2919944
2759538
2531536
2560409
2003574
1333551
2091761
2902718
3017178
2512710
2484390
2274567
2460259
2880493
2217709
1574041
1651734
2087498
2982320
3193493
2529524
2649585
3098183
2683890
2072110
2527071
3049140
2614691
1823230
2148859
2478104
2892191
2450457
2023022
2167947
2591057
2598554
2734614
2349933
2461560
2670843
3085874
2979966
2444005
2513935
2898269
3927768
3883447
3205437
2874781
2707734
2272313
2273184
2100547
1810548
3052997
4125227
3317415
0
0
0
0
0
0
0
0
0
0
0
0
0
0
0
0
0
0
0
0
0
0
0
0
0
0
0
0
0
0
0
0
0
0
0
0
0
0
0
0
0
0
0
0
0
0
0
0
0
0
0
0
0
0
0
0
0
0
0
0
0
0
0
0
0
0
0
0
0
0
0
0
0
0
0
0
0
0
0
0
0
0
0
0
0
0
0
0
0
0
0
0
0
0
0
0
0
0
0
0
0
0
0
0
0
0
0
0
0
0
0
0
0
0
0
0
0
0
0
0
0
0
0
0
0
0
0
0
0
0
0
0
0
0
0
0
0
0
0
0
0
0
0
0
0
0
0
0
0
0
0
0
0
0
0
0
0
0
0
0
0
0
0
0
0
0
0
0
0
0
0
0
0
0
0
0
0
0
0
0
0
0
0
0
0
0
0
0
0
0
0
0
0
0
0
0
0
0
0
0
0
0
0
0
0
0
0
0
0
0
0
0
0
0
0
0
0
0
0
0
0
0
0
0
0
0
0
0
0
0
0
0
0
0
0
0
0
0
0
0
0
0
0
0
0
0
0
0
0
0
0
0
0
0
0
0
0
0
0
0
0
0
