%%
4657102168647373160
13845168725954653070
13845168725954653070
13844175998614691698
13844175998614691698
13839620048582302694
13839620048582302694
4617777891276344084
13841149928131119892
13841149928131119892
4623829333059645546
13841437092280059824
13841437092280059824
13843958449419941799
13843958449419941799
4648650691596417132
13859546119299012210
13859546119299012210
13860109328209412096
13860109328209412096
13867253824584523815
13867253824584523815
13856098950146857265
13856098950146857265
13858235237555912552
13858235237555912552
4620693217682128896
13844065254536904704
13844065254536904704
4617598244939008089
13832926582643322549
13832926582643322549
13838941047621883485
13838941047621883485
4623232015011567863
13826050856027422720
13826050856027422720
13836452306676402834
13836452306676402834
13838669050470588630
13838669050470588630
13841573679701358530
13841573679701358530
4636174082444236402
4621939870353980391
13845311907208756199
13845311907208756199
4643587276943178439
13862025222822765265
13862025222822765265
13862858990406591526
13862858990406591526
4635315866647620496
13855648204563402122
13855648204563402122
13852368352581653291
13852368352581653291
4623516732580010226
13832055654029383506
13832055654029383506
13835414805674846052
13835414805674846052
13844923082742477680
13844923082742477680
4608683617174607698
4612042768820070244
4619581530009810346
13842953566864586154
13842953566864586154
4633658765757354638
13850197606302261644
13850197606302261644
13842981347318887589
13842981347318887589
13840468434428306934
13840468434428306934
4636745904488923634
13849020798831131131
13849020798831131131
13849020798831131131
13849020798831131131
13847615301385672511
13847615301385672511
13852176927079491908
13852176927079491908
4602678819172646912
4619609310464111781
4625648761976355323
4625648761976355323
4637145894504578312
13853820252584397546
13853820252584397546
13857892230741918063
13857892230741918063
4642583512547167778
13858840384126780000
13858840384126780000
13860721226661283391
13860721226661283391
13845294343170209454
13845294343170209454
4620475245711963978
13843847282566739786
13843847282566739786
4627743600084027640
13840396604266050188
13840396604266050188
13846598529327300608
13846598529327300608
4634808087197009356
13854532306869856911
13854532306869856911
13852569030166299154
13852569030166299154
4646161932073588018
13869533968928363826
13869533968928363826
4652207279219956253
13839038048402457605
13839038048402457605
13871819022371719532
13871819022371719532
4620258278044515963
13839998379098499487
13839998379098499487
13837818325004577971
13837818325004577971
4617798396165447502
13841170433020223310
13841170433020223310
4628831413611771546
13848876793418296192
13848876793418296192
13842252304611208853
13842252304611208853
4625302812341479324
13840687554816376832
13840687554816376832
13845966088831628969
13845966088831628969
4637171093551868333
13857310312893503662
13857310312893503662
13854768743035544095
13854768743035544095
4633938276038727854
4623848799869034855
13847220836723810663
13847220836723810663
4652653399465856598
13875973570158126957
13875973570158126957
13846200214087757359
13846200214087757359
4641542125502082528
13844381432000544063
13844381432000544063
13864612927836782592
13864612927836782592
4626122014298948250
13845782094268852748
13845782094268852748
13844198804280254749
13844198804280254749
4632294182107135796
13850419090517185958
13850419090517185958
13848795925657487220
13848795925657487220
4637252327230147029
13859035906497227407
13859035906497227407
4652663972369669292
13846122842246159134
13846122842246159134
13875973570158126957
13875973570158126957
13836278400176791923
13836278400176791923
4630915015238373574
13853472598618537565
13853472598618537565
13841573679701358530
13841573679701358530
4629736735653114864
13853108772507890672
13853108772507890672
4632297296627753099
13846311655660536642
13846311655660536642
13853981834702153182
13853981834702153182
4626854735884572594
13842143642885299565
13842143642885299565
13840684741192509632
13840684741192509632
13841066058721159278
13841066058721159278
13840983844384061723
13840983844384061723
4624607678924244921
13842665487359021960
13842665487359021960
4628934672706977850
13838255550219001795
13838255550219001795
13847558105670404905
13847558105670404905
4655116666151888749
13861096256883378251
13861096256883378251
13876950912849917510
13876950912849917510
13863915580618856360
13863915580618856360
13856372429826854455
13856372429826854455
4634302066261315216
13855270639659141982
13855270639659141982
13841824280250823748
13841824280250823748
13846184597856049451
13846184597856049451
4640129504628650803
13860891202362844538
13860891202362844538
13840773283087083643
13840773283087083643
13840244145033764722
13840244145033764722
4630748397533284585
13850897170135629473
13850897170135629473
13848104144607225441
13848104144607225441
4622092148316380856
13840484078807512512
13840484078807512512
4635974553277495519
13853899819930814115
13853899819930814115
13855786161078987548
13855786161078987548
4624466643072414279
13842822882536499024
13842822882536499024
13843847282566739786
13843847282566739786
4630945373721986702
13850251517204551036
13850251517204551036
13849376104694232992
13849376104694232992
4626560473499669973
13844985064658249273
13844985064658249273
13845872751729351716
13845872751729351716
4626101649584383234
13847673324637371645
13847673324637371645
4620856932535783068
13842094929699930112
13842094929699930112
13835149964743359089
13835149964743359089
4634203811087507385
13847380404888107934
13847380404888107934
13854741551145418962
13854741551145418962
4611777927888583281
4627928889431696731
13849182981897962043
13849182981897962043
13843529838465705228
13843529838465705228
4620740547136512839
13844112583991288647
13844112583991288647
4625478680721677909
13827584253337908858
13827584253337908858
13838078011566291409
13838078011566291409
13844923082742477680
13844923082742477680
13838359653176188277
13838359653176188277
4604212216483133050
4634530183434065716
13856475455297830089
13856475455297830089
13841411892388344873
13841411892388344873
13842727673062676691
13842727673062676691
4633103418443054281
4650199147895562908
13845037822076084105
13845037822076084105
13872866177014999443
13872866177014999443
13858027998789559564
13858027998789559564
4634167535999883799
13850657173311486899
13850657173311486899
13848048767220307387
13848048767220307387
13845614881244188015
13845614881244188015
13847720347846980927
13847720347846980927
4621665785221308297
4651111634354672815
13857583271141106495
13857583271141106495
13844328377908083779
13844328377908083779
13855553344681500863
13855553344681500863
13848014354089654742
13848014354089654742
13850611183115042145
13850611183115042145
4644156820447929198
13850404780329369988
13850404780329369988
13850404780329369988
13850404780329369988
13851672687176712905
13851672687176712905
13856657214949291228
13856657214949291228
13854998159215312115
13854998159215312115
4631482098651827882
13844229564991609596
13844229564991609596
13844304283087127393
13844304283087127393
13835449672543161155
13835449672543161155
13835566250471315454
13835566250471315454
4622242844389412207
4627032743474594180
4627032743474594180
4628300650321937097
4631284693213786281
13846107586302421416
13846107586302421416
13851282562858991936
13851282562858991936
13841799970945935109
13841799970945935109
4624608455795180642
13832014306481204617
13832014306481204617
13835064369328841285
13835064369328841285
4633610609610964095
13849411407285812042
13849411407285812042
13849277754522620521
13849277754522620521
13850334186405210955
13850334186405210955
4635118058700362199
13845059213048414208
13845059213048414208
13838057954785350914
13838057954785350914
13845000785035698563
13845000785035698563
13853260104714369389
13853260104714369389
13834620980938327405
13834620980938327405
4632918397903987949
13853388630410860125
13853388630410860125
13849868863232711967
13849868863232711967
4638801023662632311
13860558491903498125
13860558491903498125
4621059793240348298
13840552930964515659
13840552930964515659
13839045405032448914
13839045405032448914
4625908819522088065
13839697115305026165
13839697115305026165
4644310634208171341
13867253824584523815
13867253824584523815
13847457168743756464
13847457168743756464
13838536730209936858
13838536730209936858
13837398832713686919
13837398832713686919
4622727943993774886
13846099980848550694
13846099980848550694
4633060245811126400
13854198353698488320
13854198353698488320
13848497370779189762
13848497370779189762
4644789799616337517
4620778298560389273
13840473639463576268
13840473639463576268
4641771826675264468
13861868546813853696
13861868546813853696
13859411980991485864
13859411980991485864
4643904849326433632
13854023795584306323
13854023795584306323
13854045021612300074
13854045021612300074
13846054736560794223
13846054736560794223
13850751121214463615
13850751121214463615
4635314541604167630
13858323852915455484
13858323852915455484
13840861662852071069
13840861662852071069
4630651758729530515
4630672984757524266
4636318847839508460
13843944400440904217
13843944400440904217
4620572363586128409
4625633477885119934
13845641030269524435
13845641030269524435
13842660349877747037
13842660349877747037
4624956600934874984
13841692704210010398
13841692704210010398
13845011315577527263
13845011315577527263
4635067524794105893
13853339615765790615
13853339615765790615
4653125894796684034
13861254868032754706
13861254868032754706
13873349478346104662
13873349478346104662
13868145924338836151
13868145924338836151
4628023296138885485
13851395332993661293
13851395332993661293
4635306687044942519
13850390534880798662
13850390534880798662
13845191154443747328
13845191154443747328
13844721599576448472
13844721599576448472
4637047265672738898
13856400656137518999
13856400656137518999
13855430751070144304
13855430751070144304
4635719463061414279
13840368903750642139
13840368903750642139
13849073704867753665
13849073704867753665
13849239426075041831
13849239426075041831
13854851778153673738
13854851778153673738
4616996866895866331
4624301287782595837
13847673324637371645
13847673324637371645
4630985765381144681
13849717362141247224
13849717362141247224
13849991043075852762
13849991043075852762
4636152845860931025
13858171638284924779
13858171638284924779
13849478235074782686
13849478235074782686
4621697934730198235
13845069971584974043
13845069971584974043
4607316923306488455
13830688960161264263
13830688960161264263
4612056444000338755
13835428480855114563
13835428480855114563
4628205773551537236
13838419632116025598
13838419632116025598
13842717238222340074
13842717238222340074
13838245027558472443
13838245027558472443
4639133716529792680
13853743027109787211
13853743027109787211
13853820252584397546
13853820252584397546
13855176248433076947
13855176248433076947
13849436914548201562
13849436914548201562
4624076794600170486
13836418518420198487
13836418518420198487
13841134147518025586
13841134147518025586
4624062377451863367
13838167031968325828
13838167031968325828
4629734219266823071
13849192304349190700
13849192304349190700
4630371426541225304
13849287426002820299
13849287426002820299
4629068879975873490
13849436914548201562
13849436914548201562
13845569659474429681
13845569659474429681
4628775906746364204
13845282690106173633
13845282690106173633
4640428944745750017
13858485433625836236
13858485433625836236
4625463979283644311
13848836016138420119
13848836016138420119
4629973723509756401
13841569911314370328
13841569911314370328
13846825527637018684
13846825527637018684
13844985064658249273
13844985064658249273
13841386890655013525
13841386890655013525
4630557093065363187
13843523468124032313
13843523468124032313
13837351315234018533
13837351315234018533
4628776582286308310
4614601858243530236
13837973895098306044
13837973895098306044
4621978438055289286
13842925980065068696
13842925980065068696
4630700932407961867
13849650075548064542
13849650075548064542
13849488663722669816
13849488663722669816
4633113699316578638
13849396218896068735
13849396218896068735
13853820252584397546
13853820252584397546
4626278038693288734
4625182428308689943
13848554465163465751
13848554465163465751
4625182428308689943
13848554465163465751
13848554465163465751
4625867389220266023
13849239426075041831
13849239426075041831
4633938276038727854
13857310312893503662
13857310312893503662
4632845592993886854
13856217629848662662
13856217629848662662
4627047053662410150
13850419090517185958
13850419090517185958
4645846264924081435
13867943714474785820
13867943714474785820
13856896516530241326
13856896516530241326
13847037748510459450
13847037748510459450
4646519146688875699
13868595278028531460
13868595278028531460
13857047015570788980
13857047015570788980
13847118030803316863
13847118030803316863
4638531004717473779
13856847528625294604
13856847528625294604
13857763703638052443
13857763703638052443
4623828015756754540
13847200052611530348
13847200052611530348
4640292098648947714
4649843776941372683
4648869877920000324
13864214612597239343
13864214612597239343
13864214612597239343
13864214612597239343
13846418537338693212
13846418537338693212
13850433468258996338
13850433468258996338
4643538127893807550
13852947391644743384
13852947391644743384
4623665711655683642
4623745993948541055
4635764495539250775
13844389698920610055
13844389698920610055
13842802053388222436
13842802053388222436
13858049027081382176
13858049027081382176
4629671084429546871
4626212333989475165
13845080772342780384
13845080772342780384
13845080772342780384
13845080772342780384
4630272001135201799
13849865831747212794
13849865831747212794
13848261235791727658
13848261235791727658
4630562894264633194
13845248018018542415
13845248018018542415
4632637394397863283
13841105753448274922
13841105753448274922
13836075873301549071
13836075873301549071
13854908381364115368
13854908381364115368
4633009083511984588
13841187069317246817
13841187069317246817
13836064121158321448
13836064121158321448
13855270639659141982
13855270639659141982
4629098080189957454
13848357747931742208
13848357747931742208
4617201560002529948
4641899574093444599
13848951972569825841
13848951972569825841
4666728494103621796
13890095209322119168
13890095209322119168
4666725778309901189
4645927391290025260
4636437716833235695
13854301750716433212
13854301750716433212
13845204130440173689
13845204130440173689
13850023657581404226
13850023657581404226
13848699351592977794
13848699351592977794
13843336730869083023
13843336730869083023
4641311787491765780
13849536100700494863
13849536100700494863
13862566745493584478
13862566745493584478
4612158772539272053
13835530809394047861
13835530809394047861
4621069639235033637
13834031716452283368
13834031716452283368
4638862870751890060
13850404780329369988
13850404780329369988
13860805282126203611
13860805282126203611
4652451383995462058
13875379344816355882
13875379344816355882
13848342655243490983
13848342655243490983
13851766347975213376
13851766347975213376
13853355842798197984
13853355842798197984
4613080269821627026
4622869632867551496
13844105238057346453
13844105238057346453
13839100184566516435
13839100184566516435
4652205414448235545
4634401068047498771
13857773104902274579
13857773104902274579
4635122321638884481
13840657318774378573
13840657318774378573
13840998852629819935
13840998852629819935
4640507884402968520
13863440116606633928
13863440116606633928
4635113396771060428
13858485433625836236
13858485433625836236
4637565271109253936
4648654159016286487
13849535036725082896
13849535036725082896
4630982655082652028
13844764513251397779
13844764513251397779
13851264103730019251
13851264103730019251
4631037451223743175
4615461093261036812
13838833130115812620
13838833130115812620
4617788456721069896
13841160493575845704
13841160493575845704
4630396179450677239
13847708542786457683
13847708542786457683
4624251917071680788
4624431931578286321
13847803968433062129
13847803968433062129
4636021589153478754
13858363336817813572
13858363336817813572
4625504756563520384
4632050894840515474
13838030302683638859
13838030302683638859
13845290261783047150
13845290261783047150
13848739366075666981
13848739366075666981
4614658265828863051
4621918224928271342
4624236942602919781
4630621438245039243
4616299745702346398
13836022643005753366
13836022643005753366
13833569385921736767
13833569385921736767
4595305803284452982
13818677840139228790
13818677840139228790
4623192242597358647
13836735623625361085
13836735623625361085
4641569365242953702
13844065254536904704
13844065254536904704
13846325442304895930
13846325442304895930
13849088006611320334
13849088006611320334
13852646807331863842
13852646807331863842
13847537709993592451
13847537709993592451
13853714648802635243
13853714648802635243
4629010192443229319
13845304284866386875
13845304284866386875
13845949374847511890
13845949374847511890
4621932248011611067
4622577337992736082
4622953405450120122
4625715969756544526
4628714781640421718
13849220474364859903
13849220474364859903
4622163457186980734
13844168447204016504
13844168447204016504
4636834168004745678
13854557683246382260
13854557683246382260
4617096397573531126
13840468434428306934
13840468434428306934
4620796410349240696
4630870474638058880
13849942787005845487
13849942787005845487
4638481676227805236
13860402533655777169
13860402533655777169
4653056388069622546
13876028475370771579
13876028475370771579
13841541413661828234
13841541413661828234
13859066384607705637
13859066384607705637
4654503675225264095
13848286652982124631
13848286652982124631
13859636702168642350
13859636702168642350
13856042964773989515
13856042964773989515
13848814283455468289
13848814283455468289
4618169376807052426
4639466557171315822
13857603602078674306
13857603602078674306
4626822999580948468
13842127182228661526
13842127182228661526
4618755145373885718
4621140804553395392
13844512841408171200
13844512841408171200
4631610245764474942
13849941559774947029
13849941559774947029
13848511574006514582
13848511574006514582
4621797344373623044
4625404306588581652
13844241205107796488
13844241205107796488
4629842740536718981
4621985035828743383
13841477096629649849
13841477096629649849
13840229850608547448
13840229850608547448
4642788830950492157
13863973212620337866
13863973212620337866
13845988026991313798
13845988026991313798
13855712888920425114
13855712888920425114
4643600678670507075
13855136166396393349
13855136166396393349
13841213878119928647
13841213878119928647
13852153615321920732
13852153615321920732
4622615990136537990
4635158996420974996
13851611500146275543
13851611500146275543
4651813867802272884
13856946085681014956
13856946085681014956
13862827451135451097
13862827451135451097
4624169585640992921
13845474993810262354
13845474993810262354
13838820974900418347
13838820974900418347
4627660322897418026
13839547265908724759
13839547265908724759
13843111702884201922
13843111702884201922
4628437759597842625
13847840329370553612
13847840329370553612
13841488094419939888
13841488094419939888
13843048828129804202
13843048828129804202
4634917837105178608
13850930496772872014
13850930496772872014
13840287502313277325
13840287502313277325
4642583786985270070
13864612927836782592
13864612927836782592
13844131053816310447
13844131053816310447
13845816653766493282
13845816653766493282
4642109519241698660
4624771170849717538
13848143207704493346
13848143207704493346
4626254763527464529
13840141125192288622
13840141125192288622
4630333221942636367
13853705258797412175
13853705258797412175
4636417406302603696
13856344406178173142
13856344406178173142
13838906829271914724
13838906829271914724
4636786035783728156
13849499134591803452
13849499134591803452
13857701976175659796
13857701976175659796
4644506407091348020
13864612927836782592
13864612927836782592
13846303571699205512
13846303571699205512
13861351125437915333
13861351125437915333
4643724696545245790
4622931534844429704
4639286634847765162
4640034904407415561
13857323908134878786
13857323908134878786
13859239740823737079
13859239740823737079
4635483914245591175
13856732281510830193
13856732281510830193
13850872389078679867
13850872389078679867
4639532116211828942
13854243752797481982
13854243752797481982
4632024719075056267
13840082151681068112
13840082151681068112
4620823201700473970
13839828817446629081
13839828817446629081
4628222892859620778
13844847569761625652
13844847569761625652
4644499305125841889
13864140303203387730
13864140303203387730
13853998541649395843
13853998541649395843
13858175335458743874
13858175335458743874
4628750224969489124
13851714030221292166
13851714030221292166
13832582543660588462
13832582543660588462
4628341993366516358
4630401345923874764
13852538312802090720
13852538312802090720
4638776943478374715
4636667358192985084
13858570011930525696
13858570011930525696
4631598509665320991
13843741534669789406
13843741534669789406
4671228891403376394
13890095209322119168
13890095209322119168
13890095209322119168
13890095209322119168
4666723172467343360
4666723172467343360
4622295018591095295
13843517107915458559
13843517107915458559
4624496935409407880
13844065254536904704
13844065254536904704
4609253417103062240
13832625453957838048
13832625453957838048
4636978571704672662
13854198353698488320
13854198353698488320
13855467750955832920
13855467750955832920
4632157672372930662
4639192889606771678
13845735707192690832
13845735707192690832
13850334186405210955
13850334186405210955
13855345939844911616
13855345939844911616
13854482194472378229
13854482194472378229
4648006567778149676
13859458002150178056
13859458002150178056
13859406274086333055
13859406274086333055
13859344177891720917
13859344177891720917
13852132752396646938
13852132752396646938
13857021556159145501
13857021556159145501
4636085965295402248
4636034237231557247
4635972141036945109
4641413449216479252
13840579879378785938
13840579879378785938
4640281279454530398
13857533025746701318
13857533025746701318
13851840806550802646
13851840806550802646
4628220365214329917
13841569911314370328
13841569911314370328
4622272241635979868
4622363670337915024
4623130796609942711
13844221836814649028
13844221836814649028
4619345201367564266
13842717238222340074
13842717238222340074
4629899512632146636
13840275385378479884
13840275385378479884
4639346712163106842
13858156900255144209
13858156900255144209
13858273395711130332
13858273395711130332
4654281279207337099
13848918271570864274
13848918271570864274
13851631786047847080
13851631786047847080
13849182981897962043
13849182981897962043
4631378845186121112
13847057660050311962
13847057660050311962
13847087721577824660
13847087721577824660
4623685623195536154
4623715684723048852
4628524124564946755
13844933314920831066
13844933314920831066
13844256816835904768
13844256816835904768
13842256903912328306
13842256903912328306
4623126585744291120
13840324192013541605
13840324192013541605
13843665852803951352
13843665852803951352
4643607270462617918
13858821534451277129
13858821534451277129
4643511102777606118
13859138724380407717
13859138724380407717
13860402533655777169
13860402533655777169
13849211050582639630
13849211050582639630
4635766687525631909
4625060741046758392
13845727589454362496
13845727589454362496
4631117049532407181
4620759016961534639
4643518442237623848
4630689524227155784
13838419632116025598
13838419632116025598
13849155217206259304
13849155217206259304
13848977558645208840
13848977558645208840
4639551052440887152
13855467750955832920
13855467750955832920
13855467750955832920
13855467750955832920
4634276361262754557
13841775835029632123
13841775835029632123
13841775835029632123
13841775835029632123
4638458947123435851
4625605521790433032
4633509875346298886
13839653565496629492
13839653565496629492
4633509875346298886
13839653565496629492
13839653565496629492
4616281528641853684
4616281528641853684
4622268993414748627
13845641030269524435
13845641030269524435
4635430173635662693
13852594799200417014
13852594799200417014
4630694375448379392
13854066412303155200
13854066412303155200
4647638919237319052
13841455213639060456
13841455213639060456
13870875746068594688
13870875746068594688
13835067080495816962
13835067080495816962
4644481997933211392
13865062091530868621
13865062091530868621
4647563791806816374
4611695043641041154
4636801284690591456
13846768799170212418
13846768799170212418
4662343141454260470
13879882945323335680
13879882945323335680
13879882945323335680
13879882945323335680
13870875746068594688
13870875746068594688
13870875746068594688
13870875746068594688
13844352718175219856
13844352718175219856
13854432916648205495
13854432916648205495
4656787514807782736
13846069744806552435
13846069744806552435
13857732635837498005
13857732635837498005
4622697707951776627
4656787514807782736
13846069744806552435
13846069744806552435
13857732635837498005
13857732635837498005
4622697707951776627
4652845805204624376
13871469970530756461
13871469970530756461
4625646594619034651
13846998246312227876
13846998246312227876
4633259023439679466
13853227493023567692
13853227493023567692
4631769145425702525
13854937066478991950
13854937066478991950
4657245718686472339
13868595278028531460
13868595278028531460
13868595278028531460
13868595278028531460
13868595278028531460
13868595278028531460
13854384453694090337
13854384453694090337
4642581795549809843
13857047015570788980
13857047015570788980
13857047015570788980
13857047015570788980
13857047015570788980
13857047015570788980
13854532306869856911
13854532306869856911
4623745993948541055
13847118030803316863
13847118030803316863
4623745993948541055
13847118030803316863
13847118030803316863
4623745993948541055
13847118030803316863
13847118030803316863
4633630635148182175
4621628172283120405
13842303229063995345
13842303229063995345
4646519146688875699
4646519146688875699
4646519146688875699
4634589274883301468
13839215224515397987
13839215224515397987
4623825656996449705
13845032499947224460
13845032499947224460
4625340507470360415
13846344182908845325
13846344182908845325
4666739461732108861
13844670093033410142
13844670093033410142
13890095209322119168
13890095209322119168
4625810945043186235
13849182981897962043
13849182981897962043
4653414503404835701
4624976782690705138
4614175585783400177
13837547622638175985
13837547622638175985
4652640645130974396
4634930555552001279
13857641853120634400
13857641853120634400
4616850696940460488
13840222733795236296
13840222733795236296
4621629571776704611
4627419371873104403
13841491769357235823
13841491769357235823
4636231290122190518
13847828175281059246
13847828175281059246
4632215547850267023
4623076291795452460
13842397689814379628
13842397689814379628
4635749735695159510
4635467578845317772
13854851778153673738
13854851778153673738
4612056444000338755
13835428480855114563
13835428480855114563
4634931341570873743
13838693687412350161
13838693687412350161
4636048582603745306
4622083203041620992
13835954456255595163
13835954456255595163
4615321650557574353
4634181036947141726
13849467845833392296
13849467845833392296
4617285281919602765
4636094016887111056
13838707243247228546
13838707243247228546
13846336020134520716
13846336020134520716
13852247667370638830
13852247667370638830
13850225793206429449
13850225793206429449
4635807276217273586
13850880630665997955
13850880630665997955
13839136010701552168
13839136010701552168
13846426897145501518
13846426897145501518
13850184275647364627
13850184275647364627
13839540089422718544
13839540089422718544
4630559192868689449
4615335206392452738
4615763973846776360
4622963983279744908
4623054860290725710
4632220054264644161
13849929315613460115
13849929315613460115
4666772271159081697
13890095209322119168
13890095209322119168
4621498387549058842
13841869307239898198
13841869307239898198
4622626354045180476
4640970242236587862
13864342279091363670
13864342279091363670
4639173267282457736
13848448000068274713
13848448000068274713
13843343432225328550
13843343432225328550
13843922709979198894
13843922709979198894
13856606403086495420
13856606403086495420
4629707234260805820
13844159416360863720
13844159416360863720
13844119216104689904
13844119216104689904
4619971395370552742
4620787379506087912
4620550673124423086
4620747179249914096
4628118828745981082
4631185646391606452
4626669331132163052
13850041367986938860
13850041367986938860
4607946801253972120
13831318838108747928
13831318838108747928
4629242730180489060
13838486121009124282
13838486121009124282
13846077277076929213
13846077277076929213
4643334077887096973
13864214612597239343
13864214612597239343
13847273298029969995
13847273298029969995
13857098398827787510
13857098398827787510
4643594363075717130
13851470540292688613
13851470540292688613
13851519570418881842
13851519570418881842
4623901261175194187
4635636655938015771
4637537081390336364
4637342765140164162
13855467750955832920
13855467750955832920
4638361430117754444
13859588078070103026
13859588078070103026
4623131190674910106
4620987284160447726
4638216231251018252
13850672648805706451
13850672648805706451
4634948002074745247
4638682367886199934
13853524399865876510
13853524399865876510
13858985794099748725
13858985794099748725
13844288354981145290
13844288354981145290
4635219008293384592
13845086188484282250
13845086188484282250
4642991482378412202
13862989031845831849
13862989031845831849
13846246725012909027
13846246725012909027
4638387916913062917
13861759953767838725
13861759953767838725
4620916318126369482
4638893048387830651
4642940837993227538
4637398412743059859
4621838860243838005
4625791548602541104
13833478615871247115
13833478615871247115
4610106579016471307
4620817148862574784
13836226496191086478
13836226496191086478
4645500837073443514
4641570547437855887
13862442495401989977
13862442495401989977
4630591755301370221
13840687554816376832
13840687554816376832
4623663324747881135
4631432544982177971
4638893850591514277
13845518796946138066
13845518796946138066
13850688194668670180
13850688194668670180
4624588994615290867
4624041784742567215
4643749476898507955
4626066192181566993
13847337204108682383
13847337204108682383
4623205753396240759
4635724493722935540
13853839922055770087
13853839922055770087
4666743760822573466
4641670928451425324
4616454759601520490
13839826796456296298
13839826796456296298
4622968599469362963
4626820714004137577
4637953544729003033
13851015254517859127
13851015254517859127
4633700652048638951
4623154744500961254
13845282690106173633
13845282690106173633
4629578161095485382
13852950197950261190
13852950197950261190
4635560860356287125
13832420959009558036
13832420959009558036
4612906363322016115
4638135257937093014
13844252904896678444
13844252904896678444
13853355842798197984
13853355842798197984
13858527395211676819
13858527395211676819
4620880868041902636
4637360371399957414
4644750023683691092
4625671682483708871
4631121229435811335
4626054201347559119
13844336463558264769
13844336463558264769
4632419877572735706
13842691094826503188
13842691094826503188
13850334186405210955
13850334186405210955
4629787309669555351
4621798787777303616
4620964426703488961
4629196993311523346
4625579935715050033
4634394587086160008
4622989124624664704
4647337471851792171
13866054216936592297
13866054216936592297
4636165550937692302
13858701953325858816
13858701953325858816
4647369521296327888
4639659948072502087
4615569010767107677
4630756364682500380
13845174316610640497
13845174316610640497
4666741105501992387
13845385287735184667
13845385287735184667
4633291705499225340
4623669809931344549
4634389011770558812
4620151538229747655
4619305422197955609
4620420695861477453
13843792732716253261
13843792732716253261
4628061185485500506
4624469649225165549
4626235212275582207
4634616241593445232
13851734873443317590
13851734873443317590
13851511683490034410
13851511683490034410
13848612508118413256
13848612508118413256
4635579854287715560
13854066412303155200
13854066412303155200
13848918271570864274
13848918271570864274
4635524056799394765
13848918271570864274
13848918271570864274
4666723172467343360
13890095209322119168
13890095209322119168
4640716756427873871
13842514346555527406
13842514346555527406
13842416878526491947
13842416878526491947
13842416878526491947
13842416878526491947
4666744645929433825
4619142309700751598
4619044841671716139
4619044841671716139
4634870666824893994
13857701976175659796
13857701976175659796
4637584312891428412
4666843959317212692
13842876805260737438
13842876805260737438
13890095209322119168
13890095209322119168
4635364875663190471
13844774154332300072
13844774154332300072
13835672181889950649
13835672181889950649
13835672181889950649
13835672181889950649
13839067877994589493
13839067877994589493
13839312914346715094
13839312914346715094
4666723172467343360
4621402117477524264
4612300145035174841
4612300145035174841
4615695841139813685
4615940877491939286
4621578865748500046
4633323377063604823
4664194669557412004
13857971078919769136
13857971078919769136
13887424129440879215
13887424129440879215
4644223049750730611
13866157606213975330
13866157606213975330
4635212857361456022
13857859443129255922
13857859443129255922
13845365263605341471
13845365263605341471
4633082185378186113
13846303571699205512
13846303571699205512
13854768743035544095
13854768743035544095
4634625161535457193
13853631354727527025
13853631354727527025
4633658774201603939
13850864167194610148
13850864167194610148
4636187133735219034
4646078634831886313
13853339615765790615
13853339615765790615
13852442487461019344
13852442487461019344
13854823853021234274
13854823853021234274
13854823853021234274
13854823853021234274
4629967578911014807
4629070450606243536
4631451816166458466
4631451816166458466
4634382922763125119
4625839013727863822
4664244768804731617
13853079670810048557
13853079670810048557
13858045510051548176
13858045510051548176
4649040430645263729
13866752211546964964
13866752211546964964
13853108772507890672
13853108772507890672
13859327453352292212
13859327453352292212
4644317426551203090
13856066854962637832
13856066854962637832
4641415767866599906
13855749338522534260
13855749338522534260
13855749338522534260
13855749338522534260
4632377301667758452
4632377301667758452
4639206016895998021
4627061431404220530
4639914573854871755
13858150814766147725
13858150814766147725
13854960202314702683
13854960202314702683
13854863017449493795
13854863017449493795
4634260293967396471
13854768743035544095
13854768743035544095
13849904984916473246
13849904984916473246
4640195028484791835
13856176285396708517
13856176285396708517
4626532948061697438
4632804248541932709
4637556270946873613
4637507681329018936
%%
0
15
45
266
1
3
2
51
185
1
3
7
119
157
428
431
4
114
5
149
432
6
17
164
366
425
3
7
8
421
9
204
276
10
411
435
11
12
13
15
11
12
11
13
14
15
0
11
14
15
16
18
56
15
16
19
20
280
333
6
17
15
18
16
19
16
20
21
22
139
21
22
139
154
196
23
24
23
24
156
169
25
98
424
26
27
26
27
84
172
28
306
315
29
30
29
30
181
185
31
375
443
32
33
238
32
33
34
221
35
324
418
36
146
261
37
38
397
37
38
39
280
38
39
416
40
46
327
412
41
171
327
42
174
43
101
285
44
173
202
263
284
0
45
252
40
46
152
284
47
204
270
282
305
48
49
113
454
48
49
237
330
441
50
81
408
2
51
396
52
270
309
53
161
405
54
268
362
55
123
223
15
56
83
57
58
59
57
58
346
376
57
59
60
331
417
61
437
62
63
88
189
393
62
63
64
65
427
435
64
65
66
68
69
70
67
69
71
72
213
66
68
66
67
69
70
71
141
310
319
66
69
70
73
74
75
90
352
67
69
71
211
212
439
463
67
72
70
73
70
74
70
75
76
77
186
263
76
77
122
264
78
79
213
420
78
79
146
251
354
392
436
80
395
456
50
81
286
82
386
422
56
83
172
27
84
87
115
274
453
85
87
86
87
235
84
85
86
87
62
88
325
89
90
385
70
89
90
92
93
94
370
91
94
386
90
92
90
93
90
91
94
95
94
95
96
325
421
97
149
155
25
98
223
99
157
219
390
100
101
43
100
101
177
232
285
102
305
428
103
104
190
256
262
103
104
105
254
106
245
333
107
190
379
108
111
109
111
110
111
108
109
110
111
122
178
297
112
262
336
377
415
48
113
114
284
4
113
114
353
84
115
116
115
116
118
117
123
345
116
118
345
3
119
428
120
122
121
122
186
263
296
77
111
120
121
122
178
264
55
117
123
124
125
124
125
384
126
128
225
127
224
437
126
128
129
140
130
140
131
140
132
141
133
142
134
139
135
140
141
143
136
140
141
144
137
198
339
138
146
21
22
134
139
129
130
131
135
136
140
69
132
135
136
141
142
472
477
486
133
141
142
241
135
143
136
144
145
182
244
338
36
79
138
146
147
433
442
148
149
216
5
97
148
149
396
150
152
153
154
151
152
153
154
46
150
151
152
202
150
151
153
22
150
151
154
240
97
155
156
24
155
156
3
99
157
158
159
182
247
387
391
158
159
368
398
160
409
53
161
354
162
166
245
163
166
230
416
469
6
164
165
340
422
162
163
166
167
168
167
168
343
399
24
169
324
170
171
41
170
171
27
83
172
201
44
173
174
284
42
173
174
175
463
176
225
101
177
339
111
122
178
179
180
179
180
232
30
181
145
158
182
183
184
247
182
183
182
184
2
30
185
76
121
186
187
197
211
188
189
62
188
189
400
103
107
190
191
194
195
373
379
415
190
191
192
193
191
192
191
193
190
194
190
195
22
196
464
187
197
200
137
198
363
199
279
197
200
172
201
246
44
152
202
296
203
204
205
206
9
47
203
204
207
282
356
368
203
205
203
206
277
204
207
208
207
208
209
210
209
210
456
464
71
187
211
71
212
443
67
78
213
214
389
439
215
216
217
218
148
215
216
276
285
428
215
217
215
218
234
99
219
270
448
220
366
463
34
221
239
435
222
344
397
406
55
98
223
376
453
127
224
225
281
376
126
176
224
225
226
227
226
227
419
228
229
228
229
314
435
163
230
385
472
231
232
233
234
101
180
231
232
231
233
218
231
234
86
235
300
398
236
299
307
49
237
293
32
238
321
221
239
421
154
240
328
142
241
257
430
479
242
243
308
242
243
145
244
299
106
162
245
201
246
332
158
182
247
248
247
248
249
250
248
249
248
250
79
251
362
45
252
255
253
255
105
254
255
384
252
253
254
255
103
256
265
335
401
426
241
257
258
259
260
430
465
257
258
257
259
257
260
36
261
442
103
112
262
335
377
44
76
121
263
264
77
122
263
264
256
265
0
266
406
267
268
54
267
268
421
269
371
403
47
52
219
270
271
309
376
270
271
272
273
271
272
271
273
84
274
344
374
406
275
314
393
9
216
276
431
206
277
278
430
478
277
278
199
279
280
16
38
279
280
224
281
47
204
282
283
284
286
287
44
46
113
173
283
284
288
289
43
101
216
285
288
289
81
283
286
283
287
284
285
288
290
284
285
289
291
288
290
289
291
292
293
237
292
293
418
294
446
295
296
297
298
121
202
295
296
455
111
295
297
295
298
236
244
299
371
235
300
301
303
305
309
322
428
300
301
302
492
301
302
300
303
304
493
303
304
47
102
300
305
309
28
306
433
236
307
372
242
308
408
52
270
300
305
309
316
317
318
390
69
310
316
317
318
319
311
316
312
317
313
318
229
275
314
28
315
427
309
310
311
316
309
310
312
317
309
310
313
318
69
310
319
320
319
320
400
238
321
322
300
321
322
339
434
323
324
35
169
323
324
88
96
325
326
327
40
41
326
327
240
328
395
329
330
49
329
330
60
331
334
246
332
391
16
106
333
331
334
433
256
262
335
112
336
342
337
393
145
338
341
137
177
322
339
165
340
422
338
341
336
342
415
168
343
222
274
344
347
349
351
352
117
118
345
346
348
350
352
374
58
345
346
344
347
345
348
344
349
345
350
344
351
394
70
344
345
352
402
114
353
419
79
161
354
355
384
204
356
357
358
360
398
356
357
359
361
356
358
357
359
356
360
357
361
54
251
362
198
363
364
437
365
366
6
220
365
366
375
425
367
368
369
370
159
204
367
368
371
372
367
369
90
367
370
269
299
368
371
307
368
372
391
190
373
407
274
345
374
31
366
375
58
223
224
270
376
394
112
262
377
378
379
380
382
107
190
378
379
383
378
380
416
429
381
383
378
382
379
381
383
125
254
355
384
89
230
385
82
91
386
158
387
388
387
388
214
389
438
99
309
390
158
332
372
391
403
79
392
438
62
275
337
393
351
376
394
80
328
395
456
464
51
149
396
37
222
397
159
235
356
398
168
399
441
189
320
400
256
401
402
352
401
402
269
391
403
404
405
53
404
405
222
266
274
406
373
407
426
50
308
408
160
409
417
410
411
10
410
411
436
40
412
413
414
415
416
413
414
112
190
342
413
415
39
163
380
413
416
60
409
417
35
293
418
227
353
419
423
78
420
421
434
8
96
239
268
420
421
82
165
340
422
419
423
25
424
6
366
425
256
407
426
64
315
427
3
102
119
216
300
428
430
380
429
430
241
257
277
428
429
430
3
276
431
5
432
147
306
334
433
436
322
420
434
435
10
64
221
229
434
435
79
411
433
436
61
127
364
437
389
392
438
71
214
439
440
441
49
399
440
441
147
261
442
31
212
443
444
445
446
448
444
445
449
454
294
444
446
454
447
449
219
444
448
450
451
452
445
447
449
448
450
448
451
448
452
84
223
453
454
48
445
446
453
454
296
455
456
457
80
210
395
455
456
458
459
460
461
462
455
457
456
458
456
459
456
460
456
461
456
462
71
175
220
463
196
210
395
464
257
465
466
479
465
466
480
467
471
477
468
472
477
163
469
470
469
470
471
467
470
471
141
230
468
472
473
474
475
476
472
473
472
474
472
475
472
476
141
467
468
477
277
478
241
465
479
480
482
466
479
480
481
482
485
480
481
485
479
480
482
483
484
482
483
482
484
480
481
485
141
486
487
489
492
493
488
489
490
487
488
489
491
488
490
489
491
301
487
492
303
487
493
%%
0
4
6
9
16
18
21
26
28
30
33
36
40
42
44
46
53
59
61
63
65
67
70
75
77
81
84
86
90
93
95
99
102
105
107
109
112
115
118
122
125
129
132
134
137
142
145
149
154
158
163
166
169
172
175
178
181
184
187
191
193
196
198
203
205
209
211
215
220
222
230
238
245
247
249
251
253
257
261
265
272
275
278
281
284
290
292
295
299
302
305
312
315
317
319
323
325
328
331
334
338
340
346
349
354
356
358
361
364
366
368
370
377
382
386
390
393
396
399
402
405
407
412
419
422
424
427
430
433
435
437
439
441
443
445
447
451
455
458
460
464
470
479
483
485
487
491
495
498
501
506
510
514
519
522
527
530
533
536
542
546
548
551
554
559
561
564
567
569
573
576
578
581
585
589
592
594
596
599
602
604
607
609
615
617
619
622
625
628
630
634
643
647
649
651
653
655
658
661
664
666
668
671
675
679
687
689
692
695
697
699
703
706
709
712
715
719
725
727
730
734
737
741
745
750
755
759
761
764
766
770
774
778
782
784
787
791
794
797
800
803
806
811
814
816
819
822
825
829
833
835
837
840
843
845
849
853
859
866
868
870
872
875
880
885
889
891
894
896
900
903
910
914
916
918
923
926
930
935
937
940
944
946
949
953
961
967
970
972
976
980
982
984
986
990
992
996
1001
1004
1006
1010
1018
1022
1024
1028
1030
1035
1038
1041
1044
1053
1059
1061
1063
1065
1068
1071
1075
1079
1083
1087
1090
1093
1098
1100
1104
1107
1109
1113
1116
1118
1121
1124
1127
1130
1133
1136
1139
1141
1144
1148
1151
1153
1156
1158
1165
1173
1176
1178
1180
1182
1184
1187
1192
1195
1198
1200
1206
1210
1212
1214
1216
1218
1221
1223
1225
1227
1233
1237
1243
1245
1248
1252
1256
1259
1262
1265
1271
1274
1278
1283
1287
1289
1291
1294
1298
1301
1304
1307
1309
1312
1315
1320
1323
1327
1330
1335
1338
1341
1345
1348
1351
1354
1357
1360
1362
1365
1369
1372
1375
1378
1380
1384
1386
1390
1392
1397
1402
1405
1408
1412
1416
1422
1426
1428
1430
1433
1436
1439
1446
1449
1455
1458
1460
1465
1469
1475
1479
1483
1486
1489
1491
1495
1498
1501
1505
1509
1513
1515
1521
1524
1526
1528
1530
1534
1539
1543
1553
1555
1557
1559
1561
1563
1565
1569
1573
1577
1580
1583
1586
1589
1592
1595
1603
1605
1607
1609
1611
1615
1617
1622
1628
1631
1636
1638
1640
1643
1645
1649
1652
1656
1658
1660
1663
1666
1666
1666
%%
0
0
0
0
0
0
0
0
0
0
0
0
0
0
0
0
0
0
0
0
0
0
0
0
0
0
0
0
0
0
0
0
0
0
0
0
0
0
0
0
0
0
0
0
0
0
0
0
0
0
0
0
0
0
0
0
0
0
0
0
0
0
0
0
0
0
0
0
0
0
0
0
0
0
0
0
0
0
0
0
0
0
0
0
0
0
0
0
0
0
0
0
0
0
0
0
0
0
0
0
0
0
0
0
0
0
0
0
0
0
0
0
0
0
0
0
0
0
0
0
0
0
0
0
0
0
0
0
0
0
0
0
0
0
0
0
0
0
0
0
0
0
0
0
0
0
0
0
0
0
0
0
0
0
0
0
0
0
0
0
0
0
0
0
0
0
0
0
0
0
0
0
0
0
0
0
0
0
0
0
0
0
0
0
0
0
0
0
0
0
0
0
0
0
0
0
0
0
0
0
0
0
0
0
0
0
0
0
0
0
0
0
0
0
0
0
0
0
0
0
0
0
0
0
0
0
0
0
0
0
0
0
0
0
0
0
0
0
0
0
0
0
0
0
0
0
0
0
0
0
0
0
0
0
0
0
0
0
0
0
0
0
0
0
0
0
0
0
0
0
0
0
0
0
0
0
0
0
0
0
0
0
0
0
0
0
0
0
0
0
0
0
0
0
0
0
0
0
0
0
0
0
0
0
0
0
0
0
0
0
0
0
0
0
0
0
0
0
0
0
0
0
0
0
0
0
0
0
0
0
0
0
0
0
0
0
0
0
0
0
0
0
0
0
0
0
0
0
0
0
0
0
0
0
0
0
0
0
0
0
0
0
0
0
0
0
0
0
0
0
0
0
0
0
0
0
0
0
0
0
0
0
0
0
0
0
0
0
0
0
0
0
0
0
0
0
0
0
0
0
0
0
0
0
0
0
0
0
0
0
0
0
0
0
0
0
0
0
0
0
0
0
0
0
0
0
0
0
0
0
0
0
0
0
0
0
0
0
0
0
0
0
0
0
0
0
0
0
0
0
0
0
0
0
0
0
0
0
0
0
0
0
0
0
0
0
0
0
0
0
0
0
0
0
0
0
0
0
0
0
0
0
0
0
0
0
0
0
0
0
0
0
0
0
0
0
